1
290
369
4
5
375
7
8
9
10
11
316
13
293
15
343
17
337
341
20
449
404
23
24
367
26
269
28
29
379
31
469
33
34
35
462
37
38
447
40
41
271
43
287
417
251
365
452
49
50
51
401
53
466
55
56
413
472
59
60
61
400
63
64
65
339
67
68
411
499
307
377
73
74
443
76
77
373
79
370
81
458
83
313
85
284
265
88
89
331
361
397
441
496
95
96
305
98
99
283
101
455
103
104
105
106
107
108
109
304
439
395
359
315
115
116
263
493
119
453
121
394
303
463
125
328
127
281
437
130
131
380
133
491
357
376
137
415
139
140
141
280
143
144
145
356
261
148
301
467
151
391
153
154
155
419
355
488
159
160
161
260
163
164
433
487
167
412
169
344
171
389
173
324
299
176
259
178
353
180
181
388
431
277
185
323
187
298
189
371
191
317
193
194
195
196
197
276
199
200
297
386
203
204
205
482
257
208
209
321
211
275
213
296
215
216
217
218
427
220
221
346
349
224
225
274
295
426
229
479
231
383
233
319
235
236
423
478
239
421
241
460
243
244
347
416
247
248
249
250
46
288
368
409
425
320
207
387
177
410
435
393
117
330
87
285
445
335
27
405
268
476
314
226
464
340
184
170
434
392
128
329
100
497
407
308
44
456
16
457
279
266
253
240
227
481
351
188
175
325
149
136
123
494
97
442
71
364
45
403
19
338
306
471
378
474
258
424
348
384
428
483
186
432
408
489
436
492
114
360
90
498
444
54
402
448
18
6
333
461
311
418
289
473
267
256
245
234
223
385
429
484
179
168
157
146
135
124
113
396
91
80
69
58
47
36
25
14
451
362
352
465
332
322
312
470
292
420
272
475
252
242
232
480
212
202
454
485
172
162
152
490
132
122
112
440
92
82
72
501
52
42
32
22
450
2
399
459
381
372
363
354
345
336
327
468
309
300
291
282
273
264
255
477
237
228
219
210
201
192
183
486
165
156
147
138
129
120
111
495
93
84
75
66
57
48
39
30
21
12
3
446
438
430
422
414
406
398
390
382
374
366
358
350
342
334
326
318
310
302
294
286
278
270
262
254
246
238
230
222
214
206
198
190
182
174
166
158
150
142
134
126
118
110
102
94
86
78
70
