501
790
869
504
505
875
507
508
509
510
511
816
513
793
515
843
517
837
841
520
949
904
523
524
867
526
769
528
529
879
531
969
533
534
535
962
537
538
947
540
541
771
543
787
917
751
865
952
549
550
551
901
553
966
555
556
913
972
559
560
561
900
563
564
565
839
567
568
911
999
807
877
573
574
943
576
577
873
579
870
581
958
583
813
585
784
765
588
589
831
861
897
941
996
595
596
805
598
599
783
601
955
603
604
605
606
607
608
609
804
939
895
859
815
615
616
763
993
619
953
621
894
803
963
625
828
627
781
937
630
631
880
633
991
857
876
637
915
639
640
641
780
643
644
645
856
761
648
801
967
651
891
653
654
655
919
855
988
659
660
661
760
663
664
933
987
667
912
669
844
671
889
673
824
799
676
759
678
853
680
681
888
931
777
685
823
687
798
689
871
691
817
693
694
695
696
697
776
699
700
797
886
703
704
705
982
757
708
709
821
711
775
713
796
715
716
717
718
927
720
721
846
849
724
725
774
795
926
729
979
731
883
733
819
735
736
923
978
739
921
741
960
743
744
847
916
747
748
749
750
546
788
868
909
925
820
707
887
677
910
935
893
617
830
587
785
945
835
527
905
768
976
814
726
964
840
684
670
934
892
628
829
600
997
907
808
544
956
516
957
779
766
753
740
727
981
851
688
675
825
649
636
623
994
597
942
571
864
545
903
519
838
806
971
878
974
758
924
848
884
928
983
686
932
908
989
936
992
614
860
590
998
944
554
902
948
518
506
833
961
811
918
789
973
767
756
745
734
723
885
929
984
679
668
657
646
635
624
613
896
591
580
569
558
547
536
525
514
951
862
852
965
832
822
812
970
792
920
772
975
752
742
732
980
712
702
954
985
672
662
652
990
632
622
612
940
592
582
572
664
552
542
532
522
950
502
899
959
881
872
863
854
845
836
827
968
809
800
791
782
773
764
755
977
737
728
719
710
701
692
683
986
665
656
647
638
629
620
611
995
593
584
575
566
557
548
539
530
521
512
503
946
938
930
922
914
906
898
890
882
874
866
858
850
842
834
826
818
810
802
794
786
778
770
762
754
746
738
730
722
714
706
698
690
682
674
666
658
650
642
634
626
618
610
602
594
586
578
570
